00000000
00001001
00010010
00011011
00100100
00101101
00110110
00111111
01001000
01000001
01011010
01010011
01101100
01100101
01111110
01110111
00011001
00010000
00001011
00000010
00111101
00110100
00101111
00100110
01010001
01011000
01000011
01001010
01110101
01111100
01100111
01101110
00110010
00111011
00100000
00101001
00010110
00011111
00000100
00001101
01111010
01110011
01101000
01100001
01011110
01010111
01001100
01000101
00101011
00100010
00111001
00110000
00001111
00000110
00011101
00010100
01100011
01101010
01110001
01111000
01000111
01001110
01010101
01011100
01100100
01101101
01110110
01111111
01000000
01001001
01010010
01011011
00101100
00100101
00111110
00110111
00001000
00000001
00011010
00010011
01111101
01110100
01101111
01100110
01011001
01010000
01001011
01000010
00110101
00111100
00100111
00101110
00010001
00011000
00000011
00001010
01010110
01011111
01000100
01001101
01110010
01111011
01100000
01101001
00011110
00010111
00001100
00000101
00111010
00110011
00101000
00100001
01001111
01000110
01011101
01010100
01101011
01100010
01111001
01110000
00000111
00001110
00010101
00011100
00100011
00101010
00110001
00111000
01000001
01001000
01010011
01011010
01100101
01101100
01110111
01111110
00001001
00000000
00011011
00010010
00101101
00100100
00111111
00110110
01011000
01010001
01001010
01000011
01111100
01110101
01101110
01100111
00010000
00011001
00000010
00001011
00110100
00111101
00100110
00101111
01110011
01111010
01100001
01101000
01010111
01011110
01000101
01001100
00111011
00110010
00101001
00100000
00011111
00010110
00001101
00000100
01101010
01100011
01111000
01110001
01001110
01000111
01011100
01010101
00100010
00101011
00110000
00111001
00000110
00001111
00010100
00011101
00100101
00101100
00110111
00111110
00000001
00001000
00010011
00011010
01101101
01100100
01111111
01110110
01001001
01000000
01011011
01010010
00111100
00110101
00101110
00100111
00011000
00010001
00001010
00000011
01110100
01111101
01100110
01101111
01010000
01011001
01000010
01001011
00010111
00011110
00000101
00001100
00110011
00111010
00100001
00101000
01011111
01010110
01001101
01000100
01111011
01110010
01101001
01100000
00001110
00000111
00011100
00010101
00101010
00100011
00111000
00110001
01000110
01001111
01010100
01011101
01100010
01101011
01110000
01111001
